546 , APPENDIX.

Peg. ed. nom. 188. 6. 4. Reg- 8.
Pag. 188. 12. 4. 883. 10. 28.
Ρ83. 188. 16. ,4. Reg· 12. “
Ρα3.188. 18. 4. 883. 14.
Ρ83. 188. 21. 2. Par· 25.
Pag. 189. 4. 4. 883. 18. 24.-
Pag. 190. 8. 4. 883. 14.
18319817. 4. 883. 14.
Pag. 190. 19. 2. Ρ... 25. 881.
Pag. 191. 2. 2. Par· 26.
Ρ83. 191. 5. 4. 883. 18. 20.
Ρα3. 191. 9. 4. 883. 13. 21.
Ρα3. 191.11. 4. 883. 14. 2. Par. 28.
Ρ83.191.20. 2. Par. 26. 6.
Pag. 192. 4. 2. Par. 26. 20.
Ρ83.198. 6. 4. fleg. 18.
Pag.193. 8. 4. 883. 14.
Peg. 194. 14. 2. Par. 27.
Ρα3. 194.17. Esaiae 6.

“ Ρ83. 196. 4. 4. 883. 15. 32.
pag-196· 9· 20P811‘027·
Pag. 198. 18. 4. 883. 14. 28.
883198. 9. 4. 883. 15. 10.
Ρ83.198. 12. 4. 883. 815.
Ρ83.198.15. 4. 883. c. 15.
Ρ83. 198. 20. 4. 883. 15. 25.
Paga199· 6· 48831526.
Pag- 199. 11. 4. 883. 16. 20.,
Ρ83. 199 18. 4. 883. 15. 80.
Ρ83. 200 1 4863 18.

Pag.203. 17. 2Par28· 17.
Ρ83.204. 1 2. Par. 29 30 31.
183813. 7· Esaia. c. 6.
Pag. 213. 9. 4. 883. 16.
ΜΜΜ4ΜΜΠ
’ Pag. 214. 2. 4. 883. 18. 4.
Pag- 214. 10. 2· Par. 82. 5.
, Pag- 215. 6. Esai. 22.
Pag·215.10. 2888. 28·
Pag. 21517. 4. 883. 19. 9. Eu. 87. 9.’

Pag. 216. 6. 4. 883. 19. 87. Ea. 87. 38.

 

