APPENDIX.

Ρ63. 61 Bam. 169. 16. 3. 1163. 11. 7.
pag-170. 8. 2116311.
Ρ63. 170. 7. 3. 116311. 4.
Ρ63.170.16. 8116312.
Ρ63.. 171. 6. 8. 1163. 11. 8.
Ρ63. 171. 18. 3. 1163. 22. 28.
Ρ63. 172. 20. 32 1163. 14. 10.
Ρ63. 173. 12 3. 1163. 7. 8. 1163. 14.
Pag. 173. 19. 31163. 18. 11. 15. 16.

¹ pag· 174· 6· 3· 1138· 15· 26·

Ρ63.174. 9. 31163. 16. 28.
Ρ63. 17414. 31163. 16. 9.
Ρ63. 176. 8. 81163167.
Ρ63. 176. 17. 3. 1163. 169.
163166. 6. 1661228.
Ρ63.176.10. 2. Par. 14.
Ρ63. 177. 1. 2. Par. 16.
Ρ63. 177. 11. 31163. 16. 33.
Ρ63. 177. 14. , 8. 1163. 16.
Qmmamwn
Ρ63.178.11. 2. Par. 19. ’11.
Ρ63. 178. 20. 21166261.
Ρ63. 17916. 2. Par. 21. 10.
Ρ63. 180. 2. 2 Par 25 6
Ρ63.180. 7. 2. Par. 22.
Ρ63.180. 11. 81163 16. 31. ’

meussfflwffi
Pag. 182. 2. 31163. 18. 31. 22. 32.
Ρ63. 182. 9. 31163. 20 42.
1163182· 11. 2.6.Ρ1·22..1
Ρ63. 132 ,16. 4. 1163. 9. 10.

Ρ63. 18611 41163. 11. 2.
QmMQQQm
Ρ63. 186. 17. 4. 1163. 12. 2.
Ρ63.187.18. 2. Par. 24. 21.
Ρ63 18716. 4. Reg. 12.

01666666 Panchaia 661. 11.

 

